&BASIS_ND
 NAME="dp                  ",
 NB_BASIS=2          ,
 NB=0          ,
 NQ=0          ,
 A=  0.0000000000000000     ,
 B=  0.0000000000000000     ,
 SCALEQ=  1.0000000000000000     ,
 Q0=  0.0000000000000000     ,
 /
&BASIS_ND
 NAME="HO                  ",
 NB_BASIS=0          ,
 NB=150        ,
 NQ=170        ,
 A=  0.0000000000000000     ,
 B=  0.0000000000000000     ,
 SCALEQ=  1.0000000000000000     ,
 Q0=  0.0000000000000000     ,
 /
 Sii-1,Sij   8.0386919343311547E-011   5.4085059087802122E-011

&BASIS_ND
 NAME="el                  ",
 NB_BASIS=0          ,
 NB=3          ,
 NQ=0          ,
 A=  0.0000000000000000     ,
 B=  0.0000000000000000     ,
 SCALEQ=  1.0000000000000000     ,
 Q0=  0.0000000000000000     ,
 /
 Electronic basis. Electronic state number:           3
 This routine is .not. possible Basis el
 Initialization of a complex psi
 Q0 =   0.0000000000000000     
 K=    0.0000000000000000     
 phase=  0.28599999999999998     
 DQ=   1.3999999999999999     
 ndim =           1
 Coef =                (1.0000000000000000,0.0000000000000000)
 Q0 =   0.0000000000000000     
 K=    0.0000000000000000     
 phase=  0.28599999999999998     
 DQ=   1.3999999999999999     
 ndim =           1
 Coef =                (1.0000000000000000,0.0000000000000000)
 Q0 =   0.0000000000000000     
 K=    0.0000000000000000     
 phase=  0.28599999999999998     
 DQ=   1.3999999999999999     
 ndim =           1
 Coef =                (1.0000000000000000,0.0000000000000000)
 <psi|psi> =  0.99999999999999978     
 BEGINNING GridTOBasis_Basis
 END GridTOBasis_Basis
 BEGINNING GridTOBasis_Basis
 END GridTOBasis_Basis
  E = <Psi | H | Psi> =  0.50010204081553988      <Psi | Psi> =  0.99999999999688549     
